#DATOS	SARDINA	COMUN	1990/91	-	2017/18																											
#Año	inicial	y	final	1900																												
1991																																
2018																																
#edades																																
4																																
#Desembarque																																
#91	92	93	94	95	96	97	98	99	100	101	102	103	104	105	106	107	108	109	110	111	112	113	114	115								
498300	516900	250200	359100	120626	360525	551345	236345	693834	584435	407724	283223	286924	371823	266345	380143	500234	800234	752234	693431	820200	600431	392270	529546	418868	295137	336125	350821					
#CPUE																																
10																																
1991	1992	1993	1994	1995	1996	1997	1998	1999	2000																							
3.7	3.4	2.8	2.9	3	4	3.9	2.9	3.5	3.7																							
#Reclas	biomasa																															
19																																
2000	2001	2002	2003	2004	2005	2006	2007	2008	2009	2010	2011	2012	2013	2014	2015	2016	2017	2018														
264231	567819	844713	478235	360214	339954	2178125	2134300	4813700	1555625	2623565	3232017	3843017	1133125	3105125	1972100	2032684	2025125	2424330														
#pelaces	biomasa																															
14																																
2003	2005	2006	2007	2009	2010	2011	2012	2013	2014	2015	2016	2017	2018																			
173854	1456452	575125	253125	991684	2325125	1414675	1208172	2296538	1805814	2440448	1482799	1565314	1577507																			
#numero	de	clases	de	talla																												
33																																
#Tallas	pesquería																															
28																																
#Años	pesquería	estructura																														
1991	1992	1993	1994	1995	1996	1997	1998	1999	2000	2001	2002	2003	2004	2005	2006	2007	2008	2009	2010	2011	2012	2013	2014	2015	2016	2017	2018					
#Años	Reclas	estructura																														
2000	2001	2002	2003	2004	2005	2006	2007	2008	2009	2010	2011	2012	2013	2014	2015	2016	2017	2018														
#Años	Pelaces	estructura																														
2003	2005	2006	2007	2009	2010	2011	2012	2013	2014	2015	2016	2017	2018																			
#tallas	captura																															
0.00009	0.00009	0.00123	0.00484	0.00905	0.02303	0.04986	0.07346	0.07651	0.06533	0.05536	0.05112	0.06646	0.0747	0.08978	0.08156	0.07641	0.04102	0.01465	0.00968	0.00783	0.01205	0.02246	0.02991	0.02718	0.01862	0.01059	0.00428	0.00202	0.00068	0.00015	0	0
0	0.0003	0.00158	0.00434	0.01202	0.02031	0.03539	0.06085	0.07755	0.09459	0.10011	0.11561	0.10364	0.08636	0.0601	0.04361	0.03535	0.02381	0.02392	0.02075	0.02081	0.01762	0.01199	0.00683	0.00461	0.00555	0.00667	0.00367	0.00159	0.00041	0.00003	0	0.00001
0.0003	0.00223	0.00493	0.02963	0.05259	0.07513	0.08921	0.11771	0.11056	0.10467	0.09227	0.07693	0.05993	0.04818	0.03393	0.02142	0.01647	0.01138	0.00824	0.00446	0.00358	0.00696	0.00808	0.01071	0.00587	0.00388	0.00049	0.00022	0.00002	0.00001	0	0	0
0.00011	0.00171	0.01245	0.03345	0.04895	0.07035	0.0849	0.07578	0.04951	0.03665	0.0471	0.06638	0.10944	0.10354	0.0795	0.05441	0.04318	0.03476	0.02376	0.00737	0.00683	0.00361	0.00267	0.00226	0.00104	0.00024	0.00005	0	0.00003	0	0	0	0
0	0	0.00066	0.0012	0.00913	0.02605	0.05965	0.09155	0.10324	0.06957	0.09057	0.05507	0.07732	0.04993	0.04761	0.04189	0.03741	0.02599	0.03127	0.03698	0.05027	0.04047	0.03287	0.01138	0.00714	0.00247	0.00029	0	0	0	0	0	0
0	0	0.00031	0.00072	0.00261	0.00757	0.02735	0.06206	0.09854	0.13157	0.1499	0.13397	0.1071	0.07155	0.03696	0.0266	0.01299	0.004	0.0021	0.0037	0.00816	0.01402	0.01467	0.02342	0.03239	0.01906	0.00686	0.00171	0.00011	0	0	0	0
0	0	0.005	0.00788	0.01762	0.03388	0.07272	0.10165	0.08784	0.05886	0.05731	0.05959	0.06274	0.04305	0.02539	0.02956	0.0308	0.02362	0.0388	0.04291	0.05148	0.05672	0.0258	0.01394	0.0128	0.0155	0.01598	0.00708	0.00137	0.0001	0.00003	0	0
0	0	0.00001	0.00033	0.00742	0.0149	0.03331	0.03237	0.03105	0.01891	0.02216	0.02236	0.02533	0.02377	0.0281	0.03655	0.03521	0.03078	0.04747	0.07237	0.09631	0.11903	0.09795	0.08321	0.04777	0.02936	0.02748	0.0139	0.0022	0.00034	0.00004	0	0
0	0	0.00373	0.00757	0.02214	0.03034	0.03569	0.04342	0.0369	0.03184	0.03765	0.05385	0.08551	0.09802	0.12909	0.1234	0.10071	0.06036	0.03374	0.01117	0.00605	0.00602	0.00787	0.01113	0.01075	0.00676	0.00427	0.00154	0.00046	0.00004	0	0	0
0	0	0.00047	0.00026	0.01292	0.0272	0.03028	0.05035	0.08354	0.0992	0.14744	0.1508	0.14191	0.09087	0.06028	0.02805	0.01838	0.00674	0.00557	0.00638	0.00639	0.00625	0.0084	0.00624	0.00633	0.00252	0.0017	0.00061	0.00055	0.00026	0.00014	0	0
0.00038	0.00136	0.00207	0.00699	0.02029	0.03827	0.07024	0.09848	0.12204	0.13653	0.15634	0.11943	0.08807	0.05208	0.02816	0.01454	0.01118	0.00998	0.00964	0.00352	0.00218	0.00215	0.00213	0.00223	0.00085	0.0005	0.00014	0.00002	0.00002	0.00018	0	0	0
0	0	0	0	0.00009	0.00047	0.00464	0.01847	0.05527	0.08643	0.15459	0.1535	0.19064	0.09269	0.0882	0.03735	0.02021	0.02102	0.01805	0.01032	0.00367	0.00766	0.01502	0.01296	0.00567	0.00259	0.00048	0	0	0	0	0	0
0	0	0.0003	0.00461	0.02496	0.04521	0.07013	0.09109	0.14087	0.14383	0.14318	0.09448	0.06918	0.05564	0.0297	0.02023	0.01557	0.00594	0.00504	0.00431	0.00589	0.00445	0.01092	0.0055	0.00357	0.00289	0.00199	0.0005	0	0	0	0	0
0	0	0	0.00025	0.00396	0.01792	0.04039	0.06407	0.11659	0.15056	0.14151	0.10029	0.07253	0.06242	0.04654	0.0296	0.03571	0.02337	0.01772	0.01385	0.02138	0.01995	0.01199	0.00618	0.00205	0.00038	0.00078	0	0	0	0	0	0
0	0	0	0.00016	0.00906	0.031	0.04217	0.01675	0.00999	0.00794	0.01404	0.03827	0.09878	0.15003	0.21483	0.13525	0.09957	0.04461	0.02881	0.01623	0.01876	0.01118	0.00567	0.00391	0.00175	0	0.00041	0.00053	0	0.0003	0	0	0
0	0	0	0	0.00067	0.01039	0.03994	0.07026	0.12303	0.16573	0.18924	0.13298	0.09047	0.06465	0.06617	0.02301	0.00684	0.00198	0.00166	0.00288	0.00241	0.00193	0.00298	0.00209	0.00055	0.00012	0	0.00002	0	0	0	0	0
0.00005	0.00034	0.00337	0.00848	0.02163	0.0574	0.07647	0.05479	0.02347	0.01794	0.01944	0.03985	0.06495	0.09862	0.10867	0.0826	0.04992	0.04803	0.05007	0.05089	0.04429	0.02865	0.01472	0.01421	0.01551	0.00488	0.00067	0.00009	0	0	0	0	0
0	0	0.00007	0.00105	0.00569	0.01481	0.02171	0.03824	0.05612	0.08842	0.13618	0.16894	0.19526	0.12637	0.06641	0.02888	0.00928	0.00361	0.00201	0.00263	0.0042	0.00803	0.00837	0.00741	0.00396	0.00176	0.0004	0.00017	0.00003	0	0	0	0
0	0	0	0.00013	0.00082	0.00314	0.01396	0.03809	0.0772	0.12361	0.17124	0.17213	0.14679	0.08209	0.0437	0.03054	0.02348	0.01767	0.01221	0.00613	0.00422	0.0029	0.00503	0.00933	0.01108	0.00353	0.0008	0.00012	0.00003	0	0	0	0
0	0	0	0.00001	0.00014	0.00074	0.00638	0.02371	0.07102	0.12734	0.15894	0.14739	0.14574	0.09385	0.05858	0.03655	0.02375	0.0209	0.02187	0.0206	0.01869	0.00969	0.00529	0.0033	0.00311	0.00179	0.0005	0.00009	0.00003	0	0	0	0
0	0	0.00001	0.00006	0.00009	0.00014	0.00083	0.00309	0.01591	0.05384	0.14229	0.18781	0.2037	0.11545	0.07019	0.04817	0.03802	0.02706	0.02732	0.02306	0.0192	0.01146	0.00684	0.00264	0.00182	0.00072	0.00031	0	0	0	0	0	0
0	0	0.00001	0.00062	0.00819	0.03932	0.10286	0.13943	0.13937	0.12116	0.10265	0.06999	0.05054	0.03481	0.03757	0.03057	0.02714	0.02007	0.02241	0.01465	0.01188	0.00802	0.00823	0.00574	0.0027	0.0014	0.00048	0.00015	0.00004	0.00001	0.00001	0	0
0	0	0.00001	0.00011	0.00013	0.00043	0.00373	0.01279	0.02218	0.03401	0.03451	0.03841	0.05077	0.05932	0.06523	0.06519	0.08591	0.08817	0.09696	0.07001	0.07949	0.08638	0.06943	0.02679	0.00788	0.00179	0.00035	0.00002	0.00001	0	0	0	0
0	0	0	0.00002	0.0002	0.00148	0.00512	0.01015	0.01752	0.0306	0.04837	0.08004	0.12199	0.15533	0.15825	0.12818	0.08396	0.03393	0.01459	0.00994	0.02117	0.03016	0.02576	0.01459	0.00652	0.00177	0.00032	0.00004	0.00001	0	0	0	0
0	0	0	0.00017	0.00127	0.00595	0.0287	0.06122	0.12897	0.14229	0.1691	0.11543	0	0.03783	0.02612	0.02152	0.02416	0.02237	0.02672	0.02577	0.02573	0.01819	0.01416	0.01149	0.00733	0.00295	0.00069	0.00006	0.00001	0.00001	0	0	0
0	0	0	0	0	0	0.000247	0.001445	0.005054	0.006889	0.015317	0.025375	0.044965	0.063411	0.087758	0.086636	0.110897	0.095254	0.084047	0.05835	0.05869	0.061421	0.074816	0.056982	0.036516	0.017822	0.006718	0.001207	0.000173	0.000006	0.000004	0	0
0	0	0	0.000002	0.000113	0.000197	0.000869	0.000897	0.002105	0.003335	0.008696	0.021982	0.060884	0.125083	0.192935	0.17921	0.112541	0.04938	0.030006	0.027629	0.032079	0.02874	0.035357	0.036293	0.029968	0.015073	0.005683	0.000812	0.00013	0	0	0	0
0	0	0	0	0.000004	0.000097	0.000548	0.001494	0.00275	0.006466	0.015616	0.037692	0.086451	0.141664	0.172192	0.166762	0.119421	0.060394	0.037318	0.028736	0.029454	0.026707	0.027509	0.019163	0.012277	0.004856	0.001983	0.000361	0.000084	0	0	0	0
#tallas	reclas																															
0	0	0.018929	0.053316	0.196706	0.42849	0.207947	0.068119	0.02119	0.004832	0.000355	0.000071	0	0.000025	0	0.00002	0	0	0	0	0	0	0	0	0	0	0	0	0	0	0	0	0
0	0.003813	0.026866	0.134143	0.084996	0.05836	0.054523	0.085816	0.104879	0.127336	0.138847	0.112829	0.047454	0.013165	0.003894	0.001353	0.000015	0	0.000587	0.00015	0.000241	0.000224	0.000454	0.000034	0.00001	0	0.000009	0	0	0	0	0	0
0	0	0	0	0.000227	0.001267	0.014667	0.061139	0.16312	0.208465	0.212328	0.145286	0.093459	0.029592	0.001983	0.000004	0.000978	0.001438	0.004183	0.003003	0.006519	0.007678	0.017301	0.007069	0.007526	0.007884	0.00322	0.001666	0	0	0	0	0
0.004062	0.005901	0.01344	0.01062	0.007378	0.003631	0.006951	0.020333	0.056737	0.079672	0.055213	0.055781	0.037152	0.031914	0.024921	0.04024	0.069448	0.103374	0.103174	0.101925	0.068506	0.039993	0.013646	0.009217	0.004957	0.009711	0.011142	0.008446	0.002205	0.00016	0.000151	0	0
0	0	0	0	0.001892	0.004043	0.055891	0.070672	0.116295	0.16402	0.189618	0.144464	0.093992	0.056986	0.032783	0.011175	0.01319	0.014208	0.010856	0.007952	0.006439	0.002404	0.001411	0.000926	0.000682	0.0001	0	0	0	0	0	0	0
0	0	0	0	0.006542	0.005479	0.019233	0.016165	0.048256	0.053211	0.114344	0.082202	0.095213	0.061173	0.042223	0.019193	0.004423	0.001106	0.002784	0.006589	0.047098	0.100166	0.164446	0.086808	0.020901	0.00175	0.000377	0.000233	0.000066	0.000021	0	0	0
0	0.008117	0.026143	0.027385	0.058155	0.10692	0.161444	0.166255	0.120769	0.063464	0.069979	0.067396	0.039555	0.020733	0.007141	0.003157	0.000769	0.000596	0.001075	0.00146	0.002396	0.003225	0.007827	0.015111	0.010983	0.007429	0.002125	0.000349	0.000041	0	0	0	0
0	0	0	0.000164	0.000801	0.003562	0.011091	0.013743	0.018714	0.026074	0.016895	0.012278	0.01283	0.016031	0.00376	0.009365	0.036251	0.085737	0.109964	0.102556	0.148389	0.106699	0.044449	0.042013	0.082163	0.073673	0.021494	0.001302	0	0	0	0	0
0	0	0.003579	0.00434	0.007378	0.006814	0.01946	0.042438	0.076736	0.111767	0.126964	0.156377	0.162166	0.054465	0.027613	0.008413	0.001396	0.000169	0.000155	0.000929	0.004294	0.013632	0.036868	0.06595	0.044406	0.018315	0.004302	0.001073	0	0	0	0	0
0	0.000549	0.00573	0.011857	0.016755	0.057174	0.11179	0.207932	0.212633	0.131969	0.025707	0.01192	0.006356	0.003384	0.008993	0.02733	0.066294	0.045415	0.029558	0.010799	0.003205	0.001263	0.000493	0.000592	0.000695	0.001128	0.000421	0.00006	0	0	0	0	0
0.042624	0.127907	0.139823	0.05843	0.10171	0.176228	0.107434	0.05912	0.044969	0.040666	0.024645	0.008818	0.004189	0.000231	0.000642	0.006424	0.019053	0.014932	0.009195	0.003285	0.002495	0.00256	0.001584	0.001363	0.000584	0.000542	0.000348	0.000199	0	0	0	0	0
0	0.000152	0	0.000354	0.004097	0.028374	0.138274	0.301788	0.235769	0.149871	0.054349	0.035591	0.024458	0.009296	0.003801	0.004828	0.006447	0.001771	0.000363	0.000358	0.000026	0.000021	0.000001	0.000007	0	0	0.000006	0	0	0	0	0	0
0.005672	0.017138	0.046667	0.050732	0.124777	0.189039	0.179808	0.187518	0.085497	0.041581	0.006887	0.005611	0.020533	0.01005	0.004014	0.000469	0.000639	0.002143	0.007001	0.00428	0.00273	0.002413	0.00162	0.001438	0.000771	0.000598	0.000322	0.000054	0	0	0	0	0
0.001269	0.0199	0.043406	0.018243	0.004566	0.009129	0.019242	0.017808	0.026321	0.031096	0.031352	0.02253	0.005758	0.011709	0.021613	0.042613	0.102925	0.131972	0.140752	0.081587	0.062531	0.044965	0.055085	0.037867	0.011179	0.003708	0.000873	0	0	0	0	0	0
0.044379	0.087723	0.131269	0.104068	0.064765	0.041916	0.037689	0.061658	0.080562	0.081834	0.076162	0.057623	0.041968	0.026122	0.016999	0.008705	0.002703	0.001611	0.003458	0.004966	0.006001	0.006748	0.004951	0.003282	0.002314	0.000522	0	0	0	0	0	0	0
0.136661	0.298279	0.243738	0.090876	0.037085	0.014316	0.001704	0.000129	0.000661	0.003912	0.004562	0.004366	0.001965	0.002187	0.003395	0.003355	0.008984	0.01114	0.014869	0.02479	0.026093	0.025541	0.017072	0.012115	0.006711	0.003194	0.001551	0.000606	0.000143	0	0	0	0
0.020112	0.040544	0.036141	0.022381	0.01222	0.019741	0.038963	0.042319	0.031887	0.035462	0.082131	0.107414	0.043062	0.005859	0.005288	0.023053	0.054055	0.069083	0.089128	0.060811	0.030995	0.020971	0.02136	0.026735	0.027317	0.023209	0.007284	0.00203	0.000443	0	0	0	0
0	0	0.001364	0.001337	0.013102	0.040471	0.081909	0.115831	0.109703	0.165268	0.14148	0.079071	0.030952	0.021014	0.013815	0.004781	0.005817	0.013004	0.027198	0.027334	0.02006	0.019826	0.017433	0.017081	0.018897	0.010384	0.002277	0.000592	0	0	0	0	0
0.05249	0.128135	0.047428	0.033146	0.037771	0.062259	0.069107	0.091425	0.088581	0.084596	0.061852	0.060433	0.048812	0.021763	0.007667	0.001624	0.001042	0.00456	0.008636	0.015436	0.022485	0.02265	0.015007	0.007408	0.003562	0.001664	0.000287	0.000142	0.000032	0	0	0	0
#tallas	pelaces																															
0	0	0	0.008607	0	0	0.000201	0.004125	0.012879	0.00837	0.027001	0.101431	0.158153	0.152868	0.1279	0.109287	0.10942	0.083101	0.057919	0.023842	0.007145	0.004626	0.001262	0.001011	0.000491	0.000154	0.000144	0.000062	0	0	0	0	0
0	0	0	0	0	0	0	0	0.000248	0.000431	0.000379	0.002015	0.004492	0.006272	0.021712	0.043202	0.080834	0.129726	0.134992	0.076133	0.066717	0.078983	0.141779	0.132679	0.071434	0.007136	0.000837	0	0	0	0	0	0
0	0	0	0	0	0	0	0	0	0	0.005426	0.008763	0.04137	0.045053	0.07458	0.062294	0.062682	0.061371	0.082732	0.125498	0.122649	0.094578	0.069704	0.054587	0.029411	0.021589	0.021375	0.010199	0.006005	0.000134	0	0	0
0	0	0	0	0	0	0	0.0036	0.025105	0.04805	0.140153	0.205848	0.19304	0.144699	0.116672	0.076091	0.034224	0.009505	0.001849	0.000857	0	0	0	0.000163	0	0.000144	0	0	0	0	0	0	0
0	0	0	0	0	0	0	0	0	0	0.000113	0.000426	0.02758	0.070069	0.070843	0.156401	0.174672	0.174007	0.160184	0.082434	0.04802	0.028312	0.004923	0.002016	0	0	0	0	0	0	0	0	0
0	0	0	0	0	0.00001	0.000404	0.001222	0.001722	0.001771	0.026913	0.070343	0.194644	0.189557	0.159762	0.064821	0.031415	0.038445	0.029229	0.034524	0.031337	0.01943	0.01068	0.014336	0.035935	0.027954	0.013816	0.001727	0	0	0	0	0
0	0	0	0	0.002111	0.013606	0.07557	0.200479	0.177729	0.052743	0.037333	0.03189	0.014252	0.014965	0.016656	0.021797	0.079869	0.067773	0.052881	0.040131	0.022463	0.035773	0.022507	0.008813	0.008552	0.001359	0.000746	0	0	0	0	0	0
0	0	0	0	0	0	0.000001	0.000055	0.005009	0.000946	0.02436	0.138947	0.330667	0.221403	0.137943	0.070775	0.043792	0.013167	0.005254	0.004776	0.002764	0.000094	0.000011	0.000022	0.000009	0.000003	0	0	0	0	0	0	0
0	0	0	0.000867	0.002841	0.009485	0.051275	0.133035	0.257849	0.225252	0.132002	0.055329	0.051979	0.054069	0.017753	0.004351	0.001593	0.001465	0.000405	0.000125	0.000116	0.000108	0.000101	0	0	0	0	0	0	0	0	0	0
0	0	0	0.00764	0.05102	0.09989	0.05897	0.04967	0.03747	0.0719	0.12319	0.15389	0.15902	0.08577	0.0378	0.02347	0.01478	0.00901	0.00316	0.00089	0.00291	0.00215	0.00393	0.00275	0.00044	0.0001	0	0	0	0	0	0	0
0	0	0	0	0	0.007313507	0.044143868	0.064058645	0.108155214	0.148421789	0.183626122	0.137304067	0.071047913	0.022510359	0.013999701	0.009150718	0.009283242	0.013347254	0.03549026	0.033316211	0.028169876	0.021145819	0.016519385	0.012681973	0.011198772	0.005753071	0.002510345	0.000498549	0.000353341	0	0	0	0
0.003058451	0.004789326	0.005696609	0.009544666	0.010846469	0.006474462	0.017055275	0.051002408	0.094084111	0.124011416	0.095978544	0.068773228	0.081999138	0.061754425	0.059147845	0.049229617	0.047997768	0.044396534	0.026843507	0.021748166	0.014087878	0.012104798	0.012031021	0.009198859	0.00665742	0.004960389	0.008614868	0.009303366	0.015691872	0.011465296	0.008555817	0.002429003	0.000467448
0	0	0	0	0.0024945	0.012493	0.0150074	0.0099727	0.0198975	0.0349004	0.0535308	0.0792007	0.0882315	0.0954364	0.1236995	0.1306983	0.1054142	0.0535093	0.0263346	0.0212625	0.0307338	0.0369591	0.0234989	0.0199002	0.0110096	0.0041758	0.0011376	0.0005016	0	0	0	0	0
0	0	0	0	0	0.00014	0.00159	0.03088	0.07991	0.1261	0.11863	0.12352	0.12322	0.1093	0.09958	0.04719	0.02617	0.01085	0.01049	0.01099	0.01437	0.01828	0.02154	0.01552	0.00721	0.00308	0.00134	0.00009	0	0	0	0	0
#	peso	a	la	edad																												
0.00581	0.01582	0.03227	0.05061																													
0.00481	0.0127	0.02871	0.03904																													
0.00359	0.01304	0.03022	0.04393																													
0.00512	0.01411	0.03578	0.04945																													
0.00413	0.01529	0.0276	0.03628																													
0.0049	0.01153	0.03047	0.03776																													
0.00318	0.01526	0.02982	0.04265																													
0.00405	0.01461	0.02406	0.03419																													
0.00423	0.01148	0.03146	0.03931																													
0.00189	0.01509	0.03134	0.04137																													
0.00458	0.01368	0.03066	0.04154																													
0.00634	0.01164	0.03071	0.03743																													
0.00497	0.0145	0.03223	0.04177																													
0.00546	0.01644	0.03395	0.04485																													
0.00527	0.01285	0.03021	0.03821																													
0.00621	0.01311	0.03016	0.03886																													
0.00317	0.01193	0.02754	0.03492																													
0.00387	0.00794	0.02091	0.02339																													
0.00401	0.00925	0.02561	0.0269																													
0.00592	0.01274	0.01876	0.02325																													
0.00509	0.01303	0.01899	0.02294																													
0.00476	0.01013	0.01419	0.01867																													
0.00462	0.01058	0.01663	0.02078																													
0.00527	0.00882	0.01125	0.02177																													
0.00303	0.00763	0.01607	0.02367																													
0.00619	0.01001	0.01617	0.02482																													
0.00871	0.01447	0.0244	0.02985																													
0.00612	0.01452	0.02241	0.0302																													
