#MixSANv1.0
#Debug
0
#nyr
21
#styr
1990
#endyr
2010
#catch
428896 824322 710245 449527 815196
382912 805612 732325 574870 1835692
1169874 484924 661546 656855 719301
778637 917685 912604 1327019 1414649
1097557
#scatch
277258 556305 447988 243591 340973
126469 444784 440222 300164 768998
722465 324460 373558 339708 369923
317469 496879 318481 894537 955021
871112
#acatch
151638 268017 262257 205936 474223
256443 360828 292103 274706 1066694
447409 160464 287988 317147 349378
461168 420806 594123 432482 459628
226445
#Acoustic_survey_reclas
#nobsrec
11
#yrs_rec
2000 2001 2002 2003 2004
2005 2006 2007 2008 2009
2010
#Surv_Reclas_sardina
264231 567819 858800 477998 351125
633136 2073692 2134043 4813144 1555625
2620652
#Surv_Reclas_anchoveta
370184 412103 1494267 250294 1244668
877801 981644 897777 1040062 184774
17252
#Surv_Reclas_Total
634415 979922 2353067 728292 1595793
1510937 3055336 3031820 5853206 1740399
2637904
#Acoustic survey pelaces
#nobspel
6
#yrs_pel
2003 2005 2006 2007 2009
2010
#Surv_Pelaces_sardina
168971 1387947 524242 152974 991726
2187319
#Surv_Pelaces_anchoveta
600178 1224101 2062538 1030635 1874556
299411
#Surv_Pelaces_Total
769149 2612048 2586780 1183609 2866282
2486730
#Survey mph
#nobsmph
7
#yrs_mph
2002 2004 2005 2007 2008
2009 2010
#Surv_mph_sardina
498337 5185 125008 168610 109210
213761 579715
#Surv_mph_anchoveta
112323 153150 637223 255017 313413
73982 77639
#Surv_mph_Total
610660 158335 762231 423627 422623
287743 657354
#Esfuerzo
#nobseffort
21
#yrs_esfuerzo
1990 1991 1992 1993 1994
1995 1996 1997 1998 1999
2000 2001 2002 2003 2004
2005 2006 2007 2008 2009
2010
#Esfuerzo
11766 18229 19211 14963 21864
11677 21571 20234 24157 47916
36697 21028 17278 27588 24740
26717 30957 21803 29990 35029
28767
#numero_de_clases_de_talla
33
#nobs_fish_len_comp_sardina
20
#Obs_yrs_fish_len_comp_sardina
1991 1992 1993 1994 1995
1996 1997 1998 1999 2000
2001 2002 2003 2004 2005
2006 2007 2008 2009 2010
#Obs_FishLFD_sardina
0 14011 74523 224986 641626 1478926 2750826 3707778 3573664 2773632 2218102 2059043 2605099 3032216 3808319 3381922 3276088 1951433 1285879 994058 697569 579247 620698 628780 499207 470173 484280 260056 121726 40779 6888 0 284
7307 54199 119847 730475 1334110 1981002 2539577 3850310 4105660 4572017 4665653 5320309 4721219 3764705 2383957 1676902 1210554 661732 358443 297220 517588 619955 536967 398772 177784 149528 100128 37592 16613 270 0 0 0
3902 58537 426325 1150980 1696412 2417776 3086911 3023725 2626073 2665031 2737519 2579999 2061174 1247581 814954 556758 435876 290041 206459 89379 29399 37293 30709 93649 82617 64435 10937 0 0 0 0 0 0
0 0 7270 13003 96958 289824 661264 1022713 1226138 910012 1459406 1770520 3623482 3648569 2801876 1972870 1647181 1354018 1032228 528708 644799 396568 298710 158640 96139 27215 2073 0 882 0 0 0 0
0 0 7760 13817 67997 306903 1185102 2490848 2814877 1772302 664954 251589 254671 286787 370385 284465 199160 107499 126397 241553 402039 610884 649006 722237 700105 287782 90493 16353 1940 0 0 0 0
0 0 281924 435103 942546 1810833 3935282 5871325 6025213 6293624 7879647 7242078 5811512 4034382 2330424 2276318 1696270 952324 1212229 999278 778483 728836 463429 763617 1328871 1134730 695998 227621 23084 0 0 0 0
0 0 12885 40259 138556 219609 491154 772043 1455965 2363702 2860154 3135402 3389862 2227594 1123603 912840 829221 682061 1269744 1822122 2722934 3262819 1552670 735990 526918 582890 622035 307451 69990 7303 1447 0 0
0 0 348943 575581 1912538 2402239 1365487 1019421 829161 470120 356132 315447 425259 345302 406722 481970 449880 380045 642755 862429 1126246 1412338 1642231 1704865 1059510 499998 299320 146026 39023 7513 1036 0 0
0 0 32948 141612 476216 1215982 2182181 2433201 1949896 1792770 2363254 3566130 5898524 6961830 9504832 9358795 7832234 4842295 2852036 1133509 583060 341957 359500 562209 673493 520287 327719 117459 43785 13001 2076 0 0
0 0 43465 59656 1182586 2282077 2544242 4603375 7791175 9377333 14149092 14570712 13864201 8903138 5829068 2553479 1670057 631517 495976 348209 400840 548709 850297 655756 541075 166954 138289 67557 68564 26212 16396 0 0
13010 46837 69767 215644 597674 1147138 2213758 3153385 3981920 4488426 4960775 3676605 2735015 1591633 932316 567125 538440 623748 460784 237786 84900 144580 286547 251900 88395 38527 8154 0 0 0 0 0 0
0 0 0 0 31875 97740 463193 1405163 3359558 4957056 6026126 5087583 3506843 1254427 885470 343251 175480 88600 75061 78650 70418 42174 105083 45212 30930 25340 6305 631 0 0 0 0 0
0 0 14891 208501 1242995 2197842 3103092 3693683 6206667 6769613 6587848 3711564 2704725 2041185 995675 678573 544879 234646 148159 54173 59753 27833 16531 18559 22692 9540 19911 2028 0 0 0 0 0
0 0 0 71435 2259560 2560274 2689023 1707051 3062747 4211301 4172223 3032394 2221168 2142045 2139517 1632215 1896010 1276211 738825 833831 1494511 1436523 1023973 587544 123714 21832 0 0 0 0 0 0 0
0 0 479176 392053 1050787 1564634 4448782 4977823 6895452 6113505 5803023 12540084 29491468 45101422 66584358 48551102 36495738 17840407 11955014 8888408 8666245 6480893 5467718 3900275 1258906 243001 117542 181391 0 79919 0 0 0
3974 7325 59334 167148 491815 1707151 3517146 4777776 6960332 9292666 10871391 8770270 6600434 5231875 4744218 1935216 869794 626214 673612 562699 255175 137725 166514 231303 207633 64880 16363 7091 0 0 0 0 0
0 0 410 6326 12620 24779 70141 116128 116198 125221 199035 337417 642754 943589 1166551 1097134 977662 1106459 1539499 1424780 1428933 1365309 1266655 844007 516963 371812 192404 68038 9664 5392 878 0 60
0 0 31698 8943 37226 183278 480202 1077117 2445063 3294090 5767271 7332446 9022539 6778211 4634528 2690588 1408128 808735 458877 349581 577633 623380 960650 1317724 1623383 1114209 476604 121524 31402 3385 0 0 0
0 0 9118 21418 179334 656959 2871599 7111229 9901348 12666435 16442993 18296027 16904690 11074307 6316341 3357566 2483736 1760141 1498367 1507252 1147191 659806 304919 247341 419143 628772 498397 155304 30305 26798 24661 33747 44131
0 0 9039 7318 129287 208587 517323 1384016 4362467 6503499 9599592 9201392 12410373 11347272 6741583 3821250 2652560 2082787 1292769 917995 969399 1221041 1475263 1424917 1018781 642913 329929 72586 18652 1169 12 0 0
#nobs_fish_len_comp_anchoveta
20
#Obs_yrs_fish_len_comp_anchoveta
1991 1992 1993 1994 1995
1996 1997 1998 1999 2000
2001 2002 2003 2004 2005
2006 2007 2008 2009 2010
#Obs_FishLFD_anchoveta
0 0 0 184 1103 4227 14333 46193 76748 96043 137563 140459 191378 198399 221280 284096 391623 423801 471846 564208 470940 511077 503908 354356 321591 211603 154094 88285 114487 114508 81764 79821 29197
0 0 0 0 274 1166 1370 8235 22882 31549 62450 68704 132167 230191 277542 315645 462850 437184 674103 610288 669045 656210 580568 479567 311786 194803 170408 145651 123581 46142 22275 5125 5787
0 0 0 0 2657 3379 10047 71779 105526 186458 307840 378549 331362 346767 370504 435151 514562 465185 417921 350058 240551 210715 186291 216550 186557 163014 141219 97421 76408 50809 21601 2254 0
0 0 0 0 4069 2441 23516 136094 362858 348649 245797 308974 547344 917216 1272430 1269418 1575052 1476489 1890030 2012314 1880497 1764608 1339609 1071655 674283 385437 239786 151852 169462 176839 135442 77966 30217
0 0 0 1173 1488 21190 59404 99061 158506 177680 238228 317070 403203 479516 421224 489841 634033 482072 578841 539977 508282 355893 287927 206671 189509 183180 283538 226422 104436 90534 22659 12378 0
0 0 0 0 6578 7464 113559 261122 486132 510782 507550 621448 498575 489374 342226 376220 415060 301143 345140 324151 261897 257738 228807 246300 284956 293249 354447 196991 228325 97031 48574 3331 2852
0 0 0 753 1611 0 6877 10972 39329 80283 74371 75942 130867 235063 239947 313260 335949 362787 465710 450943 423333 546662 464331 583226 738262 713980 693722 381292 211633 101751 51392 16529 2865
0 0 0 552 3305 6326 6116 32327 91223 190569 401037 691538 1051552 1255975 1622283 1754109 1990601 2035326 2451250 2344972 2658548 2220616 1787388 1308477 761410 326711 188090 99738 47645 17047 5504 923 0
0 0 0 0 0 0 3609 36388 119793 220474 323983 473780 892244 1474848 2649126 3398522 4355405 4453209 4694064 3871734 3603391 3008655 2774553 2798468 2527040 1879520 1813129 882411 417796 151936 28968 7623 0
0 0 0 0 3122 5167 27815 174523 311551 667290 1369808 1661470 3490523 5235689 5459136 4718729 3721406 1828028 1667798 1311299 864082 443487 433424 323220 414732 338589 395836 196630 233894 213723 96920 48988 1981
0 0 0 0 2403 0 25755 53196 222069 394375 487867 627276 1171995 1472268 2148046 2243397 1716511 1358241 904266 602514 414238 247344 216934 122621 45004 21367 10137 0 0 0 0 0 0
0 0 0 0 0 717 48134 195510 467550 717538 1312577 1322435 1678818 1356444 1808049 1650543 2242442 2343654 2543980 2394051 2466769 2472496 2944191 2123764 1806371 635117 375697 69779 10955 0 0 0 0
0 0 0 97 1122 4170 7645 15751 37197 87212 135645 278485 447129 585035 882438 1039777 1345369 1451091 1445790 1479418 1747283 1793937 2169176 1956353 1759741 1199607 646642 224114 112876 33558 12175 3561 1637
0 0 0 0 0 0 89 44 2309 5853 17912 46714 86476 173857 335584 521377 839077 1149489 1533911 1753006 2163538 2176856 2062432 2068517 1728388 1432543 1252366 920307 572201 228553 92777 11849 73
0 0 0 0 0 0 129 1257 6890 24687 45519 76903 209336 317219 552715 829627 1240457 1666663 1939618 2167439 2419566 2267476 2138547 1953736 1779210 1478261 1066504 839772 638650 472557 214191 48881 10201
0 0 0 0 0 0 0 9607 12919 30165 72684 91689 188958 303391 514349 740993 1176334 1364045 1973082 2146518 2575565 2308507 2229721 1507937 1086604 823764 746112 544805 290232 119590 40163 7449 1839
0 0 0 0 0 0 354 10060 8300 21854 42661 88289 127179 256797 380510 605633 813729 1161239 1446863 1781003 1841010 1907156 1826862 1762845 1593969 1690126 1673192 1366799 810317 384431 101317 22002 2086
0 0 26 26 26 52 1779 118 3927 7596 35554 79468 174341 233525 393294 584533 779434 1026729 1262026 1402442 1474337 1324123 1124782 894720 771358 666752 699530 631837 440222 218505 79885 21785 3152
0 0 0 0 0 6426 7619 7160 29486 53386 107706 244360 687374 1225833 2006519 2832125 3743882 4171394 4347403 3755845 2926325 1799112 1182409 801882 808460 760806 801138 615041 464180 179352 43129 4537 1366
0 0 0 0 0 0 0 0 1235 11507 47261 82558 140047 251005 260595 392043 548945 743064 926288 900463 1110273 896401 689493 389254 298221 250007 288704 192877 127357 50093 16287 3739 0
#nobs_reclas_len_comp_sardina
11
#Obs_yrs_reclas_len_comp_sardina
2000 2001 2002 2003 2004
2005 2006 2007 2008 2009
2010
#Obs_ReclasLFD_sardina
0 0 3667 10328 38104 83002 40281 13195 4105 936 69 14 0 5 0 4 0 0 0 0 0 0 0 0 0 0 0 0 0 0 0 0 0
0 667 4698 23459 14864 10206 9535 15007 18341 22268 24281 19731 8299 2302 681 237 3 0 103 26 42 39 79 6 2 0 2 0 0 0 0 0 0
0 0 0 0 35 196 2265 9442 25191 32194 32790 22437 14433 4570 306 1 151 222 646 464 1007 1186 2672 1092 1162 1218 497 257 0 0 0 0 0
173 251 571 451 313 154 295 864 2410 3384 2345 2369 1578 1356 1059 1709 2950 4391 4382 4329 2910 1699 580 392 211 412 473 359 94 7 6 0 0
0 0 0 0 134 285 3945 4988 8208 11576 13383 10196 6634 4022 2314 789 931 1003 766 561 454 170 100 65 48 7 0 0 0 0 0 0 0
0 0 0 0 282 236 829 696 2079 2292 4926 3541 4102 2635 1819 827 191 48 120 284 2029 4315 7085 3740 900 75 16 10 3 1 0 0 0
0 4403 14180 14854 31544 57996 87571 90180 65507 34424 37958 36557 21456 11246 3873 1712 417 323 583 792 1300 1749 4245 8197 5958 4030 1152 189 22 0 0 0 0
0 0 0 20 98 438 1363 1689 2300 3204 2076 1509 1577 1970 462 1151 4454 10535 13512 12602 18234 13111 5462 5163 10096 9053 2641 160 0 0 0 0 0
0 0 1948 2362 4016 3709 10591 23097 41764 60829 69101 85109 88259 29643 15028 4579 760 92 85 506 2337 7419 20065 35893 24168 9968 2341 584 0 0 0 0 0
0 175 1831 3788 5353 18265 35714 66428 67930 42160 8212 3808 2031 1081 2873 8731 21179 14509 9443 3450 1024 403 158 189 222 361 134 19 0 0 0 0 0
39835 119537 130674 54607 95055 164696 100404 55252 42027 38006 23032 8241 3915 216 889 9614 28206 21945 13060 4632 3677 3674 2372 2041 875 811 521 297 0 0 0 0 0
#nobs_reclas_len_comp_anchoveta
11
#Obs_yrs_reclas_len_comp_anchoveta
2000 2001 2002 2003 2004
2005 2006 2007 2008 2009
2010
#Obs_ReclasLFD_anchoveta
0 0 0 0 1503 4392 13659 14083 16342 18505 16280 11527 7628 7119 7505 6917 2724 1530 1753 1686 1905 390 17974 54640 86842 50684 18434 4577 0 768 0 814 0
0 0 0 4715 19509 7271 9641 5624 3884 3254 3794 7833 7099 8637 8515 13925 28731 42433 34670 40592 45864 39506 27763 25842 13936 6415 1283 666 596 0 102.0664323 0 0
2 27 66 91 483 557 4291 2962 10231 17088 22796 15336 6261 2070 2170 742 2684 15257 26337 30606 60157 99437 218123 239451 293276 202483 120407 60947 13146 26728 54 0 0
34 201 1048 1286 770 313 438 1439 3565 6146 10228 14506 14283 15127 15770 15068 19167 17086 15754 15025 13691 12219 6582 6185 4453 9236 14086 12486 3454 318 331 0 0
0 0 0 0 0 0 63 229 2503 7629 23028 23551 26048 21119 14931 9562 8582 11537 19231 51559 95698 123234 183155 213929 183493 143704 55728 20570 4324 1261 0 0 0
0 0 0 0 239 1401 6907 5994 9349 13620 31930 50153 69464 63892 31335 11075 7539 5290 3181 4845 12568 34678 82166 124255 95430 69282 48524 54333 32029 8312 12 0 0
0 38 1145 589 1079 1519 2694 5714 15060 26540 41852 49486 60017 32626 22017 14099 8500 8924 10969 19657 24801 28447 59189 88030 119555 114968 111076 63708 33549 11954 2589 1254 0
0 0 0 0 0 0 288 625 2442 5329 9322 14387 15645 21023 19054 20578 35645 37144 93232 118986 94282 74261 66887 66564 54066 42952 41164 30143 20154 10836 2766 0 0
0 0 0 0 0 0 19 651 534 5254 9679 16453 14349 16741 9005 10756 11682 5563 4574 1151 11780 38597 92688 152211 179684 140541 141530 101127 55067 18507 1876 24 19
0 0 0 0 147 818 2578 9033 10382 25567 31477 28381 16220 8787 2957 2580 897 1785 1098 1251 713 947 975 2823 3483 5781 7218 6033 9299 1910 1634 0 0
0 0 1 5 196 850 2214 3495 2617 1779 723 632 535 407 447 16 10 15 96 100 145 306 523 696 674 486 195 47 41 3 0 0 0
#nobs_pelaces_len_comp_sardina
6
#Obs_yrs_pelaces_len_comp_sardina
2003 2005 2006 2007 2009
2010
#Obs_PelacesLFD_sardina
0 0 0 175 0 0 4 84 261 170 548 2058 3208 3101 2595 2217 2220 1686 1175 484 145 94 26 21 10 3 3 1 0 0 0 0 0
0 0 0 0 0 0 0 0 17 30 27 142 317 442 1530 3044 5696 9140 9512 5364 4701 5565 9990 9349 5033 503 59 0 0 0 0 0 0
0 0 0 0 0 0 0 326 2275 4354 12700 18653 17492 13112 10572 6895 3101 861 168 78 0 0 0 15 0 13 0 0 0 0 0 0 0
0 0 0 0 0 0 0 0 0 0 2 6 380 965 975 2153 2405 2396 2205 1135 661 390 68 28 0 0 0 0 0 0 0 0 0
0 0 0 0 0 1 40 122 171 176 2680 7004 19380 18873 15907 6454 3128 3828 2910 3437 3120 1935 1063 1427 3578 2783 1376 172 0 0 0 0 0
0 0 0 0 0 630 4083 22541 59729 52980 15756 11220 9463 4092 4314 4962 6575 24194 20538 16007 12143 6806 10863 6815 2620 2553 391 224 0 0 0 0 0
#nobs_pelaces_len_comp_anchoveta
6
#Obs_yrs_pelaces_len_comp_anchoveta
2003 2005 2006 2007 2009
2010
#Obs_PelacesLFD_anchoveta
0 0 0 0 0 0 0 0 0 9 107 160 547 621 2014 2199 3420 3920 4092 4173 4734 4051 4021 3667 3160 1501 717 274 154 47 0 0 0
0 0 0 0 0 0 0 0 0 50 88 273 557 406 310 639 1491 2792 4969 6777 8643 7223 6787 5255 4338 4573 4393 2849 1384 381 54 0 0
0 0 0 0 0 0 0 0 0 0 0 15 225 783 1336 1966 2626 4487 3665 6544 6868.533022 11341.37146 15877.23728 17461 14937 9852 6274.251057 2856.991137 1070.292297 232.323412 108.3022261 0 0
0 0 0 0 0 0 0 2 160 334 982 1121 1140 1342 1501 2165 3234 4680 8121 9976 7990 6806 4003 4514 2657 2539 3488 1684 2287 1026 170 0 0
0 0 0 0 0 1128 1190 1585 1737 3300 4215 3369 4214 3513 3232 1976 2298 2310 2004 2008 2712 3573 4578 5051 10587 9485 13903 9117 6466 2821 935 216 0
0 0 0 0 0 0 0 0 0 53 181 1079 1426 1573 1831 1440 1435 1695 1255 1648 1141 1417 1370 1380 988 777 604 508 311.3049264 132.8746571 23.17352596 5.501205733 0
#eof
999
