#MixSANv1.0																																
#Debug																																
0																																
#nyr																																
28																																
#styr																																
1991																																
#endyr																																
2018																																
#catch	1991	1992	1993	1994	1995	1996	1997	1998	1999	2000	2001	2002	2003	2004	2005	2006	2007	2008	2009	2010	2011	2012	2013	2014	2015	2016	2017	2018				
	826322	710226	449517	815315	383158	807496	733257	595397	1848238	1219874	484926	615143	609396	691853	720466	975091	837988	1194045	1289731	919659	950187	911373	263818	580544	488798	334690	409633	404125				
#scatch																																
	556305	447988	243591	340973	126715	446668	441149	317416	781544	772465	324462	347083	300358	331527	273628	579879	271707	804893	852042	749490	814926	850170	227985	533230	430837	282160	357168	344125				
#acatch																																
	270017	262238	205926	474342	256443	360828	292108	277981	1066694	447409	160464	268060	309038	360326	446838	395212	566281	389152	437689	170169	135261	61203	35833	47314	57961	52530	52465	60000				
#nobsrec																																
19																																
#yrs_rec																																
2000	2001	2002	2003	2004	2005	2006	2007	2008	2009	2010	2011	2012	2013	2014	2015	2016	2017	2018														
#Surv_Reclas_sardina																																
264231	567819	844713	478235	360214	339954	2178125	2134300	4813700	1555625	2623565	3232017	3843017	1133125	3105125	1972100	2032684	2025125	2424330														
#Surv_Reclas_anchoveta																																
404016	450818	1503307	243556	1244555	909259	785840	897145	976345	298747	17067	25796	99942	71235	116472	120700	218422	84188	347160														
#Surv_Reclas_Total																																
668247	1018637	2348020	721791	1604769	1249213	2963965	3031445	5790045	1854372	2640632	3257813	3942959	1204360	3221597	2092800	2251106	2109313	2771490														
#nobspel																																
14																																
#yrs_pel																																
2003	2005	2006	2007	2009	2010	2011	2012	2013	2014	2015	2016	2017	2018																			
#Surv_Pelaces_sardina													
173854	1456452	575125	253125	991684	2325125	1414675	1208172	2296538	1805814	2440448	1482799	1565314	1577507
#Surv_Pelaces_anchoveta													
600178	1224101	2089267	1030612	1849682	323000	250125	153905	83754	138949	242188	501740	490993	745054
#Surv_Pelaces_Total													
774032	2680553	2664392	1283737	2841366	2648125	1664800	1362077	2380292	1944763	2682636	1984539	2056307	2322561
#Survey	mph																															
#nobsmph																																
7																																
#yrs_mph																																
2002	2004	2005	2007	2008	2009	2010																										
#Surv_mph_sardina																																
498337	5185	125008	168610	109210	213761	579715																										
#Surv_mph_anchoveta																																
112323	153150	637223	255017	313413	73982	77639																										
#Surv_mph_Total																																
610660	158335	762231	423627	422623	287743	657354																										
#Esfuerzo																																
#nobseffort																																
28																																
#yrs_esfuerzo																																
	1991	1992	1993	1994	1995	1996	1997	1998	1999	2000	2001	2002	2003	2004	2005	2006	2007	2008	2009	2010	2011	2012	2013	2014	2015	2016	2017	2018				
#Esfuerzo																																
	18229	19211	14963	21864	11677	21571	20234	24157	47916	36697	21028	17278	27588	24740	26717	30957	21803	29990	35029	28767	24389	24389	24389	24389	24389	24389	24389	24389				
#numero_de_clases_de_talla																																
33																																
#nobs_fish_len_comp_sardina																																
28																																
#Obs_yrs_fish_len_comp_sardina																																
1991	1992	1993	1994	1995	1996	1997	1998	1999	2000	2001	2002	2003	2004	2005	2006	2007	2008	2009	2010	2011	2012	2013	2014	2015	2016	2017	2018					
#Obs_FishLFD_sardina																																
0	14011	74523	224986	641626	1478926	2750826	3707778	3573664	2773632	2218102	2059043	2605099	3032216	3808319	3381922	3276088	1951433	1285879	994058	697569	579247	620698	628780	499207	470173	484280	260056	121726	40779	6888	0	284
7307	54199	119847	730475	1334110	1981002	2539577	3850310	4105660	4572017	4665653	5320309	4721219	3764705	2383957	1676902	1210554	661732	358443	297220	517588	619955	536967	398772	177784	149528	100128	37592	16613	270	0	0	0
3902	58537	426325	1150980	1696412	2417776	3086911	3023725	2626073	2665031	2737519	2579999	2061174	1247581	814954	556758	435876	290041	206459	89379	29399	37293	30709	93649	82617	64435	10937	0	0	0	0	0	0
0	0	7270	13003	96958	289824	661264	1022713	1226138	910012	1459406	1770520	3623482	3648569	2801876	1972870	1647181	1354018	1032228	528708	644799	396568	298710	158640	96139	27215	2073	0	882	0	0	0	0
0	0	7760	13817	67997	306903	1185102	2490848	2814877	1772302	664954	251589	254671	286787	370385	284465	199160	107499	126397	241553	402039	610884	649006	722237	700105	287782	90493	16353	1940	0	0	0	0
0	0	281924	435103	942546	1810833	3935282	5871325	6025213	6293624	7879647	7242078	5811512	4034382	2330424	2276318	1696270	952324	1212229	999278	778483	728836	463429	763617	1328871	1134730	695998	227621	23084	0	0	0	0
0	0	12885	40259	138556	219609	491154	772043	1455965	2363702	2860154	3135402	3389862	2227594	1123603	912840	829221	682061	1269744	1822122	2722934	3262819	1552670	735990	526918	582890	622035	307451	69990	7303	1447	0	0
0	0	348943	575581	1912538	2402239	1365487	1019421	829161	470120	356132	315447	425259	345302	406722	481970	449880	380045	642755	862429	1126246	1412338	1642231	1704865	1059510	499998	299320	146026	39023	7513	1036	0	0
0	0	32948	141612	476216	1215982	2182181	2433201	1949896	1792770	2363254	3566130	5898524	6961830	9504832	9358795	7832234	4842295	2852036	1133509	583060	341957	359500	562209	673493	520287	327719	117459	43785	13001	2076	0	0
0	0	43465	59656	1182586	2282077	2544242	4603375	7791175	9377333	14149092	14570712	13864201	8903138	5829068	2553479	1670057	631517	495976	348209	400840	548709	850297	655756	541075	166954	138289	67557	68564	26212	16396	0	0
13010	46837	69767	215644	597674	1147138	2213758	3153385	3981920	4488426	4960775	3676605	2735015	1591633	932316	567125	538440	623748	460784	237786	84900	144580	286547	251900	88395	38527	8154	0	0	0	0	0	0
0	0	0	0	31875	97740	463193	1405163	3359558	4957056	6026126	5087583	3506843	1254427	885470	343251	175480	88600	75061	78650	70418	42174	105083	45212	30930	25340	6305	631	0	0	0	0	0
0	0	14891	208501	1242995	2197842	3103092	3693683	6206667	6769613	6587848	3711564	2704725	2041185	995675	678573	544879	234646	148159	54173	59753	27833	16531	18559	22692	9540	19911	2028	0	0	0	0	0
0	0	0	71435	2259560	2560274	2689023	1707051	3062747	4211301	4172223	3032394	2221168	2142045	2139517	1632215	1896010	1276211	738825	833831	1494511	1436523	1023973	587544	123714	21832	0	0	0	0	0	0	0
0	0	479176	392053	1050787	1564634	4448782	4977823	6895452	6113505	5803023	12540084	29491468	45101422	66584358	48551102	36495738	17840407	11955014	8888408	8666245	6480893	5467718	3900275	1258906	243001	117542	181391	0	79919	0	0	0
3974	7325	59334	167148	491815	1707151	3517146	4777776	6960332	9292666	10871391	8770270	6600434	5231875	4744218	1935216	869794	626214	673612	562699	255175	137725	166514	231303	207633	64880	16363	7091	0	0	0	0	0
0	0	410	6326	12620	24779	70141	116128	116198	125221	199035	337417	642754	943589	1166551	1097134	977662	1106459	1539499	1424780	1428933	1365309	1266655	844007	516963	371812	192404	68038	9664	5392	878	0	60
0	0	31698	8943	37226	183278	480202	1077117	2445063	3294090	5767271	7332446	9022539	6778211	4634528	2690588	1408128	808735	458877	349581	577633	623380	960650	1317724	1623383	1114209	476604	121524	31402	3385	0	0	0
0	0	9118	21418	179334	656959	2871599	7111229	9901348	12666435	16442993	18296027	16904690	11074307	6316341	3357566	2483736	1760141	1498367	1507252	1147191	659806	304919	247341	419143	628772	498397	155304	30305	26798	24661	33747	44131
0	0	9039	7318	129287	208587	517323	1384016	4362467	6503499	9599592	9201392	12410373	11347272	6741583	3821250	2652560	2082787	1292769	917995	969399	1221041	1475263	1424917	1018781	642913	329929	72586	18652	1169	12	0	0
0	0	0	3700	5689	4219	78493	310550	1634814	5509117	14914682	19359562	19835460	11717047	8257814	5020003	3515574	1932654	1965084	1343580	1244063	849293	921093	600618	287767	111370	34208	4733	2520	813	673	0	0
0	0	1139	84790	1083339	5201843	13672793	18730962	18871761	16573672	13525172	8371224	5068098	2958797	2744912	2297449	2507635	2538223	2949862	2133441	2400747	2391261	1890361	782716	252806	127628	43046	14774	2904	0	0	0	0
0	0	0	942	3531	7358	13161	23183	54505	130322	345957	664276	1002232	1061366	871125	728202	812199	1007381	1320720	999195	1180173	1347004	1138483	520457	150515	23498	2500	687	142	0	0	0	0
0	0	0	0	5896	64042	233608	471888	826303	1457628	2265719	3806773	5990945	7806977	8151729	6858193	4846628	2369964	1476553	1083379	986190	771688	664239	717198	480864	163875	27731	2793	263	0	0	0	0
0	0	0	942	3531	7358	13161	23183	54505	130322	345957	664276	1002232	1061366	871125	728202	812199	1007381	1320720	999195	1180173	1347004	1138483	520457	150515	23498	2500	687	142	0	0	0	0
0	0	0	78	1807	4773	13092	17676	26915	40158	179810	365143	550129	464615	426308	514759	1166286	1455874	1687071	1395847	1412024	1226106	1579941	1536322	1218313	593033	223724	30083	4193	108	74	0	0
0	0	0	0	2083	2685	19130	20596	64613	109324	289595	727845	2018251	4144302	6380582	5997050	3817649	1669085	963717	782702	803336	635617	617065	475120	386885	201261	81636	15743	3688	0	0	0	0
0	0	0	0	0	2465	15147	42668	77784	184068	442075	1071275	2451950	4002749	4841306	4599216	3147582	1410443	579132	312787	384728	429410	465838	312559	176710	58345	30941	7445	1699	0	0	0	0
#nobs_fish_len_comp_anchoveta																																
28																																
#Obs_yrs_fish_len_comp_anchoveta																																
1991	1992	1993	1994	1995	1996	1997	1998	1999	2000	2001	2002	2003	2004	2005	2006	2007	2008	2009	2010	2011	2012	2013	2014	2015	2016	2017	2018					
#Obs_FishLFD_anchoveta																																
0	0	0	184	1103	4227	14333	46193	76748	96043	137563	140459	191378	198399	221280	284096	391623	423801	471846	564208	470940	511077	503908	354356	321591	211603	154094	88285	114487	114508	81764	79821	29197
0	0	0	0	274	1166	1370	8235	22882	31549	62450	68704	132167	230191	277542	315645	462850	437184	674103	610288	669045	656210	580568	479567	311786	194803	170408	145651	123581	46142	22275	5125	5787
0	0	0	0	2657	3379	10047	71779	105526	186458	307840	378549	331362	346767	370504	435151	514562	465185	417921	350058	240551	210715	186291	216550	186557	163014	141219	97421	76408	50809	21601	2254	0
0	0	0	0	4069	2441	23516	136094	362858	348649	245797	308974	547344	917216	1272430	1269418	1575052	1476489	1890030	2012314	1880497	1764608	1339609	1071655	674283	385437	239786	151852	169462	176839	135442	77966	30217
0	0	0	1173	1488	21190	59404	99061	158506	177680	238228	317070	403203	479516	421224	489841	634033	482072	578841	539977	508282	355893	287927	206671	189509	183180	283538	226422	104436	90534	22659	12378	0
0	0	0	0	6578	7464	113559	261122	486132	510782	507550	621448	498575	489374	342226	376220	415060	301143	345140	324151	261897	257738	228807	246300	284956	293249	354447	196991	228325	97031	48574	3331	2852
0	0	0	753	1611	0	6877	10972	39329	80283	74371	75942	130867	235063	239947	313260	335949	362787	465710	450943	423333	546662	464331	583226	738262	713980	693722	381292	211633	101751	51392	16529	2865
0	0	0	552	3305	6326	6116	32327	91223	190569	401037	691538	1051552	1255975	1622283	1754109	1990601	2035326	2451250	2344972	2658548	2220616	1787388	1308477	761410	326711	188090	99738	47645	17047	5504	923	0
0	0	0	0	0	0	3609	36388	119793	220474	323983	473780	892244	1474848	2649126	3398522	4355405	4453209	4694064	3871734	3603391	3008655	2774553	2798468	2527040	1879520	1813129	882411	417796	151936	28968	7623	0
0	0	0	0	3122	5167	27815	174523	311551	667290	1369808	1661470	3490523	5235689	5459136	4718729	3721406	1828028	1667798	1311299	864082	443487	433424	323220	414732	338589	395836	196630	233894	213723	96920	48988	1981
0	0	0	0	2403	0	25755	53196	222069	394375	487867	627276	1171995	1472268	2148046	2243397	1716511	1358241	904266	602514	414238	247344	216934	122621	45004	21367	10137	0	0	0	0	0	0
0	0	0	0	0	717	48134	195510	467550	717538	1312577	1322435	1678818	1356444	1808049	1650543	2242442	2343654	2543980	2394051	2466769	2472496	2944191	2123764	1806371	635117	375697	69779	10955	0	0	0	0
0	0	0	97	1122	4170	7645	15751	37197	87212	135645	278485	447129	585035	882438	1039777	1345369	1451091	1445790	1479418	1747283	1793937	2169176	1956353	1759741	1199607	646642	224114	112876	33558	12175	3561	1637
0	0	0	0	0	0	89	44	2309	5853	17912	46714	86476	173857	335584	521377	839077	1149489	1533911	1753006	2163538	2176856	2062432	2068517	1728388	1432543	1252366	920307	572201	228553	92777	11849	73
0	0	0	0	0	0	129	1257	6890	24687	45519	76903	209336	317219	552715	829627	1240457	1666663	1939618	2167439	2419566	2267476	2138547	1953736	1779210	1478261	1066504	839772	638650	472557	214191	48881	10201
0	0	0	0	0	0	0	9607	12919	30165	72684	91689	188958	303391	514349	740993	1176334	1364045	1973082	2146518	2575565	2308507	2229721	1507937	1086604	823764	746112	544805	290232	119590	40163	7449	1839
0	0	0	0	0	0	354	10060	8300	21854	42661	88289	127179	256797	380510	605633	813729	1161239	1446863	1781003	1841010	1907156	1826862	1762845	1593969	1690126	1673192	1366799	810317	384431	101317	22002	2086
0	0	26	26	26	52	1779	118	3927	7596	35554	79468	174341	233525	393294	584533	779434	1026729	1262026	1402442	1474337	1324123	1124782	894720	771358	666752	699530	631837	440222	218505	79885	21785	3152
0	0	0	0	0	6426	7619	7160	29486	53386	107706	244360	687374	1225833	2006519	2832125	3743882	4171394	4347403	3755845	2926325	1799112	1182409	801882	808460	760806	801138	615041	464180	179352	43129	4537	1366
0	0	0	0	0	0	0	0	1235	11507	47261	82558	140047	251005	260595	392043	548945	743064	926288	900463	1110273	896401	689493	389254	298221	250007	288704	192877	127357	50093	16287	3739	0
0	0	0	0	0	0	0	0	0	1397	12484	9260	37412	68149	199850	363929	606475	633615	1024555	995989	1414748	991236	896678	452918	230183	133873	53005	31724	9325	3255	923	0	0
0	0	0	0	0	0	0	2427	8929	25358	49874	64979	112120	130144	207539	170306	243335	216162	211110	221640	282350	281089	315644	266303	238776	158169	151952	101893	33137	8570	4354	0	0
0	0	0	0	0	0	0	250	583	1160	910	752	1376	2760	6331	10708	11406	36020	86792	119356	266244	322260	283707	219828	157344	69734	60202	32654	5834	222	0	0	222
0	0	0	0	0	0	0	0	480	6115	5276	7680	9431	4325	8305	6284	16841	17166	28581	59725	125465	179492	303872	301388	285393	156416	123873	79787	64250	28635	16097	3323	0
0	0	0	0	0	0	0	0	931	2487	2183	9006	24883	25270	30429	44749	65749	47156	81764	87093	135962	111361	175262	245420	406524	378886	279997	97132	62524	25643	18652	9528	2017
0	0	0	0	0	0	229	156	777	7383	14015	21322	52214	46939	78474	77017	81672	62813	108229	96796	172428	139232	148074	96163	130994	105781	217762	216542	335437	194688	139196	39021	11801
0	0	0	0	0	0	0	0	157	0	2342	2234	13501	17119	29410	42662	72608	84191	140483	159367	194263	228336	192384	203908	222549	188001	225832	200619	121965	70169	28386	15231	5742
0	0	0	0	0	0	0	0	1370	361	2528	8162	67035	72529	90141	84529	84155	70282	64825	69089	105943	106621	139105	127537	103678	90382	99316	84936	84082	41405	28540	9478	6043
#nobs_reclas_len_comp_sardina																																
19																																
#Obs_yrs_reclas_len_comp_sardina																																
2000	2001	2002	2003	2004	2005	2006	2007	2008	2009	2010	2011	2012	2013	2014	2015	2016	2017	2018														
#Obs_ReclasLFD_sardina																																
0	0	3667	10328	38104	83002	40281	13195	4105	936	69	14	0	5	0	4	0	0	0	0	0	0	0	0	0	0	0	0	0	0	0	0	0
0	667	4698	23459	14864	10206	9535	15007	18341	22268	24281	19731	8299	2302	681	237	3	0	103	26	42	39	79	6	2	0	2	0	0	0	0	0	0
0	0	0	0	35	196	2265	9442	25191	32194	32790	22437	14433	4570	306	1	151	222	646	464	1007	1186	2672	1092	1162	1218	497	257	0	0	0	0	0
173	251	571	451	313	154	295	864	2410	3384	2345	2369	1578	1356	1059	1709	2950	4391	4382	4329	2910	1699	580	392	211	412	473	359	94	7	6	0	0
0	0	0	0	134	285	3945	4988	8208	11576	13383	10196	6634	4022	2314	789	931	1003	766	561	454	170	100	65	48	7	0	0	0	0	0	0	0
0	0	0	0	282	236	829	696	2079	2292	4926	3541	4102	2635	1819	827	191	48	120	284	2029	4315	7085	3740	900	75	16	10	3	1	0	0	0
0	4403	14180	14854	31544	57996	87571	90180	65507	34424	37958	36557	21456	11246	3873	1712	417	323	583	792	1300	1749	4245	8197	5958	4030	1152	189	22	0	0	0	0
0	0	0	20	98	438	1363	1689	2300	3204	2076	1509	1577	1970	462	1151	4454	10535	13512	12602	18234	13111	5462	5163	10096	9053	2641	160	0	0	0	0	0
0	0	1948	2362	4016	3709	10591	23097	41764	60829	69101	85109	88259	29643	15028	4579	760	92	85	506	2337	7419	20065	35893	24168	9968	2341	584	0	0	0	0	0
0	175	1831	3788	5353	18265	35714	66428	67930	42160	8212	3808	2031	1081	2873	8731	21179	14509	9443	3450	1024	403	158	189	222	361	134	19	0	0	0	0	0
39835	119537	130674	54607	95055	164696	100404	55252	42027	38006	23032	8241	3915	216	889	9614	28206	21945	13060	4632	3677	3674	2372	2041	875	811	521	297	0	0	0	0	0
0	167	0	389	4499	31155	151825	331363	258874	164558	59675	39079	26855	10207	4173	5301	7079	1945	399	393	29	23	1	8	0	0	7	0	0	0	0	0	0
10079	30454	82927	90151	221729	335922	319519	333219	151928	73889	12238	9971	36487	17859	7133	833	1136	3808	12441	7606	4851	4288	2879	2555	1370	1063	572	96	0	0	0	0	0
110	1731	3776	1587	397	794	1674	1549	2290	2705	2728	1960	501	1019	1880	3707	8954	11482	12245	7098	5440	3912	4792	3294	973	323	76	0	0	0	0	0	0
34083	67371	100815	79924	49740	32191	28945	47353	61872	62849	58492	44254	32231	20062	13055	6685	2076	1237	2656	3814	4609	5182	3802	2521	1777	401	0	0	0	0	0	0	0
70517	153912	125769	46892	19136	7387	879	67	341	2019	2354	2253	1014	1128	1752	1731	4636	5748	7672	12792	13464	13179	8809	6251	3463	1648	800	313	74	0	0	0	0
4264	8595	7662	4745	2591	4185	8260	8972	6760	7518	17412	22772	9129	1242	1121	4887	11460	14646	18895	12892	6571	4446	4528	5668	5791	4920	1544	430	94	0	0	0	0
0	0	0	0	402	2014	2419	1607	3207	5625	8628	12765	14221	15382	19938	21066	16990	8625	4245	3427	4954	5957	3788	3207	1775	673	183	81	0	0	0	0	0
27545	67240	24888	17394	19821	32671	36265	47976	46484	44393	32457	31713	25614	11420	4023	852	547	2393	4532	8100	11799	11886	7875	3887	1869	873	151	75	17	0	0	0	0
#nobs_reclas_len_comp_anchoveta																																
19																																
#Obs_yrs_reclas_len_comp_anchoveta																																
2000	2001	2002	2003	2004	2005	2006	2007	2008	2009	2010	2011	2012	2013	2014	2015	2016	2017	2018														
#Obs_ReclasLFD_anchoveta																																
0	0	0	0	1880	4110	9813	7932	7348	6747	4878	2873	1598	1265	1141	907	310	152	153	130	131	24	983	2686	3851	2034	672	152	0	21	0	19	0
0	0	0	7130	21576	6059	6205	2854	1582	1080	1039	1792	1371	1420	1202	1701	3057	3957	2849	2955	2972	2288	1444	1211	590	247	45	21	17	0	3	0	0
19	149	234	215	800	666	3816	2005	5379	7099	7599	4157	1397	384	339	98	304	1489	2221	2244	3855	5612	10884	10606	11572	7146	3813	1738	339	624	1	0	0
367	1272	4167	3396	1411	412	426	1060	2030	2754	3663	4209	3398	2982	2602	2098	2271	1735	1380	1142	908	711	338	281	180	333	454	362	90	8	7	0	0
0	0	0	0	0	0	56	156	1332	3220	7827	6532	5963	4033	2400	1305	1002	1161	1677	3921	6380	7239	9523	9887	7569	5310	1851	616	117	31	0	0	0
0	0	0	0	331	1427	5313	3560	4372	5097	9701	12529	14429	11146	4632	1398	819	498	261	348	823	1994	4407	5895	4232	2857	1888	1717	914	219	0	0	0
0	180	3495	1230	1607	1664	2231	3657	7595	10720	13734	13362	13483	6159	3524	1929	1001	911	976	1535	1707	1734	3209	4263	5191	4492	3919	2036	974	316	63	28	0
0	0	0	0	0	0	241	407	1268	2235	3205	4104	3717	4180	3179	2906	4229	3813	8324	9318	6512	4556	3653	3255	2374	1715	1495	984	599	293	67	0	0
0	0	0	0	0	0	20	497	315	2440	3591	4944	3534	3416	1537	1549	1431	584	414	90	807	2319	4907	7132	7483	5222	4708	3023	1484	451	41	0	0
0	0	0	0	171	711	1725	4752	4371	8747	8869	6664	3207	1477	426	321	97	169	91	92	47	55	51	133	148	223	253	193	272	51	40	0	0
0	0	2	8	229	751	1508	1877	1127	624	209	153	109	71	67	2	1	1	8	8	10	19	29	34	30	20	7	2	1	0	0	0	0
0	0	0	0	0	0	0	48	29	174	368	576	536	236	26	3	3	3	6	21	35	26	60	98	167	178	101	38	9	1	2	0	0
0	0	0	16	35	8	2	4	31	222	711	1094	2133	1931	2168	1493	659	147	36	210	420	301	226	215	250	184	77	34	16	3	0	0	0
0	0	0	73	69	25	7	0	8	15	111	459	597	529	322	189	147	101	176	115	150	255	388	432	428	309	274	74	38	14	0	0	0
0	0	0	9	8	45	98	194	294	367	400	422	374	658	805	822	1062	675	504	345	345	379	392	362	271	258	198	136	57	17	4	0	0
0	11	8	14	11	33	28	34	72	0	37	33	75	95	173	306	499	546	549	284	93	42	85	75	184	363	556	776	607	246	65	0	0
10126	6963	4745	4639	1961	615	687	865	828	987	883	909	731	480	131	65	106	133	147	298	724	982	1462	1405	1307	1064	814	564	339	169	68	5	0
0	0	0	40	82	46	146	369	2281	4004	5764	4771	4413	3680	4591	4072	2865	1932	960	390	237	672	1407	2368	3022	1806	921 0	0	0	0	0	0 # Zeros put in by jim						
887	1190	1377	1291	514	184	157	345	426	534	563	676	886	777	651	503	485	631	1195	1805	2369	2736	2310	1670	1142	897	643	293	97	63	53	14	3
#nobs_pelaces_len_comp_sardina																																
14																																
#Obs_yrs_pelaces_len_comp_sardina																																
2003	2005	2006	2007	2009	2010	2011	2012	2013	2014	2015	2016	2017	2018																			
#Obs_PelacesLFD_sardina																																
0	0	0	175	0	0	4	84	261	170	548	2058	3208	3101	2595	2217	2220	1686	1175	484	145	94	26	21	10	3	3	1	0	0	0	0	0
0	0	0	0	0	0	0	0	17	30	27	142	317	442	1530	3044	5696	9140	9512	5364	4701	5565	9990	9349	5033	503	59	0	0	0	0	0	0
0	0	0	0	0	0	0	326	2275	4354	12700	18653	17492	13112	10572	6895	3101	861	168	78	0	0	0	15	0	13	0	0	0	0	0	0	0
0	0	0	0	0	0	0	0	0	0	2	6	380	965	975	2153	2405	2396	2205	1135	661	390	68	28	0	0	0	0	0	0	0	0	0
0	0	0	0	0	1	40	122	171	176	2680	7004	19380	18873	15907	6454	3128	3828	2910	3437	3120	1935	1063	1427	3578	2783	1376	172	0	0	0	0	0
0	0	0	0	0	630	4083	22541	59729	52980	15756	11220	9463	4092	4314	4962	6575	24194	20538	16007	12143	6806	10863	6815	2620	2553	391	224	0	0	0	0	0
0	0	0	0	479	3089	17154	45509	40344	11973	8475	7239	3235	3397	3781	4948	18130	15384	12004	9110	5099	8120	5109	2001	1941	308	169	0	0	0	0	0	0
0	0	0	0	0	0	0	22	2029	383	9866	56274	133920	89668	55867	28664	17736	5333	2128	1934	1119	38	4	9	4	1	0	0	0	0	0	0	0
0	0	0	156	511	1707	9230	23946	46413	40545	23760	9959	9356	9732	3196	783	287	264	73	23	21	19	18	0	0	0	0	0	0	0	0	0	0
0	0	0	2598	17347	33963	20050	16888	12740	24446	41885	52323	54067	29162	12852	7980	5025	3063	1074	303	989	731	1336	935	150	34	0	0	0	0	0	0	0
0	0	0	0	0	3042	18364	26648	44993	61743	76388	57118	29556	9364	5824	3807	3862	5552	14764	13860	11719	8797	6872	5276	4659	2393	1044	207	147	0	0	0	0
456	714	849	1422	1616	965	2541	7599	14019	18478	14301	10247	12218	9201	8813	7335	7152	6615	4000	3240	2099	1804	1793	1371	992	739	1284	1386	2338	1708	1275	362	70
0	0	0	0	402	2014	2419	1607	3207	5625	8628	12765	14221	15382	19938	21066	16990	8625	4245	3427	4954	5957	3788	3207	1775	673	183	81	0	0	0	0	0
0	0	0	0	0	31	342	6656	17221	27177	25567	26620	26556	23556	21461	10171	5640	2338	2260	2368	3098	3940	4643	3344	1553	664	290	20	0	0	0	0	0
#nobs_pelaces_len_comp_anchoveta																																
14																																
#Obs_yrs_pelaces_len_comp_anchoveta																																
2003	2005	2006	2007	2009	2010	2011	2012	2013	2014	2015	2016	2017	2018																			
#Obs_PelacesLFD_anchoveta																																
0	0	0	0	0	0	0	0	0	9	107	160	547	621	2014	2199	3420	3920	4092	4173	4734	4051	4021	3667	3160	1501	717	274	154	47	0	0	0
0	0	0	0	0	0	0	0	0	50	88	273	557	406	310	639	1491	2792	4969	6777	8643	7223	6787	5255	4338	4573	4393	2849	1384	381	54	0	0
0	0	0	0	0	0	0	0	0	0	0	15	225	783	1336	1966	2626	4487	3665	6544	6869	11341	15877	17461	14937	9852	6274	2857	1070	232	108	0	0
0	0	0	0	0	0	0	2	160	334	982	1121	1140	1342	1501	2165	3234	4680	8121	9976	7990	6806	4003	4514	2657	2539	3488	1684	2287	1026	170	0	0
0	0	0	0	0	1128	1190	1585	1737	3300	4215	3369	4214	3513	3232	1976	2298	2310	2004	2008	2712	3573	4578	5051	10587	9485	13903	9117	6466	2821	935	216	0
0	0	0	0	0	0	0	0	0	53	181	1079	1426	1573	1831	1440	1435	1695	1255	1648	1141	1417	1370	1380	988	777	604	508	311	133	23	6	0
0	0	0	0	0	0	0	0	0	3	28	21	83	151	444	808	1347	1407	2275	2212	3141	2201	1991	1006	511	297	118	70	21	7	2	0	0
0	0	0	0	0	0	0	12	43	122	239	312	538	625	996	817	1168	1037	1013	1064	1355	1349	1515	1278	1146	759	729	489	159	41	21	0	0
0	0	0	0	0	0	0	1	2	4	8	24	77	69	79	59	97	203	335	531	1109	1313	1286	1051	840	422	295	169	59	12	1	0	0
0	0	0	0	0	0	7	6	66	116	134	81	3	31	49	74	220	437	449	572	492	532	718	753	963	1267	813	495	217	120	54	0	0
28	16	42	362	272	43	9	10	183	602	1026	1394	1644	2223	2230	2194	1856	1024	801	442	466	415	478	415	406	417	395	260	97	61	84	0	0
216	338	403	674	766	457	1205	3602	6644	8758	6778	4857	5791	4361	4177	3477	3390	3136	1895	1536	995	855	850	650	470	350	608	657	1108	810	605	172	33
0	0	0	40	82	46	146	369	2281	4004	5764	4771	4413	3680	4591	4072	2865	1932	960	390	237	672	1407	2368	3022	1806	921	486	255	79	96	16	3
113	213	0	259	446	617	995	494	887	1491	2562	3651	4987	4445	4740	3691	3113	3439	2901	3977	3798	4315	2902	3450	2352	1830	1536	1036	539	183	142	59	44
#Anchoveta wt age																																
0.0083	0.0148	0.0258	0.0371	0.0465																												
0.0104	0.0129	0.021	0.029	0.0442																												
0.0055	0.0098	0.0219	0.0303	0.0435																												
0.0076	0.012	0.0205	0.0296	0.0458																												
0.0071	0.0162	0.0312	0.0406	0.0458																												
0.0068	0.0175	0.0299	0.0346	0.0426																												
0.0094	0.0166	0.0259	0.0301	0.0408																												
0.009	0.0159	0.0233	0.0291	0.0346																												
0.0084	0.0139	0.0245	0.0304	0.0399																												
0.0059	0.0082	0.0214	0.032	0.0406																												
0.0072	0.0097	0.0199	0.0269	0.0375																												
0.0027	0.0076	0.0203	0.027	0.0286																												
0.008	0.013	0.0206	0.0272	0.034																												
0.0093	0.0154	0.026	0.0348	0.0399																												
0.0049	0.0118	0.0216	0.0353	0.0363																												
0.0053	0.0129	0.0224	0.0347	0.0363																												
0.0079	0.0151	0.0253	0.0326	0.0345																												
0.0086	0.0151	0.0236	0.0282	0.0335																												
0.0068	0.0111	0.0168	0.027	0.0325																												
0.0068	0.0135	0.0175	0.0251	0.0315																												
0.0082	0.015	0.0162	0.0228	0.0259																												
0.0081	0.0137	0.0281	0.0309	0.0381																												
0.008	0.0156	0.0238	0.0334	0.0349																												
0.0075	0.0163	0.0248	0.0365	0.0484																												
0.0047	0.0121	0.0276	0.0391	0.0456																												
0.0049	0.0098	0.0259	0.0419	0.0509																												
0.0053	0.0153	0.0235	0.0332	0.0458																												
0.0044	0.0101	0.0192	0.0301	0.0382																												
#Sardina wt age																																
5.222642 20.75407 32.21823 38.19871 40.97113
0.00581	0.01582	0.03227	0.05061 0.041
0.00481	0.01271	0.02871	0.03904 0.041
0.00359	0.01304	0.03022	0.04393 0.041
0.00512	0.01411	0.03578	0.04945 0.041
0.00413	0.01529	0.02761	0.03628 0.041
0.00491	0.01153	0.03047	0.03776 0.041
0.00318	0.01526	0.02982	0.04265 0.041
0.00405	0.01461	0.02406	0.03419 0.041
0.00423	0.01148	0.03146	0.03931 0.041
0.00189	0.01509	0.03134	0.04137 0.041
0.00458	0.01368	0.03066	0.04154 0.041
0.00634	0.01164	0.03071	0.03743 0.041
0.00497	0.01451	0.03223	0.04177 0.041
0.00546	0.01644	0.03395	0.04485 0.041
0.00527	0.01285	0.03021	0.03821 0.041
0.00621	0.01311	0.03016	0.03886 0.041
0.00317	0.01193	0.02754	0.03492 0.041
0.00387	0.00794	0.02091	0.02339 0.041
0.00401	0.00925	0.02561	0.0269 0.041
0.00592	0.01274	0.01876	0.02325 0.041
0.00509	0.01303	0.01899	0.02294	 0.041
0.00476	0.01013	0.01419	0.01867 0.041
0.00462	0.01058	0.01663	0.02078 0.041
0.00527	0.00882	0.01125	0.02177 0.041
0.00303	0.00763	0.01607	0.02367 0.041
0.00619	0.01001	0.01617	0.02482 0.041
0.00871	0.01447	0.02441	0.02985 0.041
0.00612	0.01452	0.02241	0.0302 0.041

#eof																																
999																																

