#	DATA	TO	sardina	1991-2010															
#	INITIAL	AND	FINAL	YEAR	
1991																					
2010																				
#numero	de	edades																			
4																					
#captura	en	peso																		
#	91	92	93	94	95	96	97	98	99	100	101	102	103	104	105	106	107	108	109	110
498300	516900	250200	359100	120626	360525	551345	236345	693834	584435	407724	283223	286924	371823	266345	380143	500234	800234	752234	693431
#CPUE																					
#nobs																					
20																				
1991	1992	1993	1994	1995	1996	1997	1998	1999	2000	2001	2002	2003	2004	2005	2006	2007	2008	2009	2010	
#																					
3.7	3.4	2.8	2.9	3.0	4.0	3.9	2.9	3.5	3.7	3.3	3.0	2.0	1.9	2.1	2.6	2.9	3.6	3.3	3.9
#Survey	biomasa	(EN	MILES	DE	TON)
#nobs
11								
2000	2001	2002	2003	2004	2005	2006	2007	2008	2009	2010								
264231	567819	844713	478235	360214	399954	386214	250300	4295700	1555625	2623565
#Survey	PELACES	(EN	MILES	DE	TON)				
#nobs
6
#	SURVEY	ESTIMATION	PELACES															
2005	2006	2007	2008	2009	2010
275854	201452	575125	253125	1052684	2325125
#numero de clases de talla (nlenbins)
33
#lectura catch-at-length
20
1991	1992	1993	1994	1995	1996	1997	1998	1999	2000	2001	2002	2003	2004	2005	2006	2007	2008	2009	2010				
9.15052E-05	9.15052E-05	0.00123392	0.004841292	0.009049358	0.023030633	0.04986219	0.073457252	0.076509775	0.065327883	0.055363899	0.051117485	0.066457568	0.074700298	0.08978033	0.081557507	0.076405381	0.041020179	0.014647456	0.009681116	0.007831103	0.012053474	0.022462815	0.029914128	0.027176256	0.018618181	0.010587709	0.004280785	0.002020481	0.000682647	0.000145891	0	0
0	0.000304095	0.001581332	0.00434462	0.012024775	0.020306978	0.035389999	0.060853217	0.077550603	0.094592909	0.100111259	0.115609738	0.10364148	0.086357391	0.060098916	0.043611473	0.035345115	0.02381467	0.023923016	0.020747634	0.020807168	0.017617614	0.011987596	0.006832962	0.004610472	0.005549083	0.006671267	0.003674921	0.001590035	0.000412658	3.08414E-05	0	6.16394E-06
0.000300725	0.002230559	0.004932392	0.029627732	0.052586299	0.075128164	0.089205939	0.117711971	0.110563095	0.104668893	0.092272289	0.076933996	0.059931941	0.04817712	0.033932499	0.021419507	0.016470652	0.011384378	0.008235182	0.004462847	0.003581044	0.006958037	0.008078708	0.010706667	0.005873336	0.003875513	0.000492758	0.000222529	2.41173E-05	1.11121E-05	0	0	0
0.000113945	0.001709373	0.012449365	0.033451407	0.048945826	0.070347608	0.084899692	0.075783162	0.049511752	0.036647579	0.047097395	0.066377799	0.109441958	0.103537515	0.079496055	0.054414027	0.043180002	0.034755345	0.023758934	0.007368728	0.006833404	0.003605958	0.002667039	0.002255326	0.001040306	0.000236533	4.82118E-05	0	2.57558E-05	0	0	0	0
0	0	0.000661283	0.001204061	0.009130997	0.026054692	0.059653339	0.091553168	0.103238531	0.069574493	0.090568474	0.05507056	0.077322716	0.04992545	0.047609186	0.04189174	0.037410096	0.025985844	0.031271378	0.036978638	0.050271416	0.040473315	0.032869244	0.011377777	0.007143238	0.002469966	0.00028685	3.54697E-06	0	0	0	0	0
0	0	0.000308197	0.000723034	0.00261427	0.007566143	0.027348702	0.062056558	0.098539821	0.131574583	0.149899349	0.133974485	0.107100003	0.071549871	0.03695651	0.026596253	0.012989301	0.003999374	0.002102534	0.003696152	0.008161263	0.014018606	0.014669333	0.02341565	0.032389201	0.019064386	0.006856911	0.001714652	0.000114857	0	0	0	0
0	0	0.005003536	0.007880354	0.01761852	0.033876776	0.072721856	0.101647542	0.08784143	0.058864574	0.057312176	0.059589628	0.062740124	0.04304948	0.025388057	0.029561716	0.030796727	0.023620579	0.038799869	0.042906315	0.05148245	0.05672445	0.025798504	0.013941325	0.012795181	0.015495121	0.015976032	0.007075747	0.001366503	0.000100139	2.52881E-05	0	0
0	0	1.25243E-05	0.00033015	0.007415785	0.014895224	0.033313768	0.032370446	0.031047393	0.018914609	0.022160717	0.022355941	0.025330518	0.023771053	0.028097864	0.036551226	0.03521255	0.030782705	0.047467865	0.072371525	0.09631185	0.119028541	0.097950979	0.083211857	0.047771804	0.029361007	0.02748198	0.013901029	0.00220001	0.000335056	4.40286E-05	0	0
0	0	0.003731797	0.007572688	0.022142525	0.030339217	0.035686686	0.043415213	0.036895153	0.031835861	0.037654042	0.053845234	0.085514643	0.098022757	0.129088785	0.123397289	0.100705635	0.060360484	0.033736815	0.011174379	0.006047945	0.006017962	0.007867121	0.01112709	0.010748829	0.006760571	0.004265822	0.001544852	0.000464215	3.63895E-05	0	0	0
0	0	0.000466093	0.000256868	0.012919537	0.027202471	0.03028103	0.050347935	0.083540267	0.099195812	0.147435536	0.150800957	0.141909804	0.090868534	0.060275905	0.028049821	0.018378391	0.006735964	0.005574541	0.006375036	0.006387716	0.006250748	0.008395138	0.00623637	0.006333886	0.002516189	0.001700764	0.00060531	0.000552503	0.00026284	0.000144034	0	0
0.000378923	0.001364108	0.002073241	0.006988708	0.020291582	0.03827454	0.070238909	0.098476742	0.122037202	0.136534946	0.156337781	0.119429538	0.088069378	0.052082636	0.02816356	0.014543338	0.011181495	0.009979099	0.00963619	0.003515016	0.002176168	0.002146065	0.00213301	0.00223394	0.000854589	0.000498599	0.000137629	2.43293E-05	1.98958E-05	0.000176627	2.21673E-06	0	0
0	0	0	0	9.40534E-05	0.000469631	0.004635489	0.018472072	0.055270405	0.086425137	0.15459493	0.153499681	0.19063861	0.092694118	0.088199749	0.037351762	0.020213372	0.021023916	0.018052767	0.01031765	0.003668242	0.007659588	0.015020082	0.012956949	0.005673734	0.002586031	0.000482034	0	0	0	0	0	0
0	0	0.000302083	0.00460981	0.024963363	0.045214523	0.070130744	0.091085376	0.140867016	0.143830081	0.14317863	0.094478173	0.069181802	0.055640823	0.029703046	0.020233007	0.015572324	0.005943566	0.005043775	0.004310884	0.005889607	0.004446929	0.010923839	0.005496612	0.003569957	0.002888871	0.001992095	0.000503064	0	0	0	0	0
0	0	0	0.000253122	0.003960108	0.017922584	0.040393103	0.064070424	0.116586978	0.150555234	0.141512474	0.100290625	0.072533259	0.062416069	0.046535774	0.029599528	0.035712215	0.02337411	0.017720482	0.013850791	0.021378773	0.019947556	0.011990615	0.006183115	0.002046356	0.000384099	0.000782608	0	0	0	0	0	0
0	0	0	0.00016183	0.009058	0.030999171	0.042172012	0.016748333	0.009989733	0.007937984	0.014042185	0.038269094	0.09878265	0.150034024	0.214825824	0.135248639	0.099572672	0.044614985	0.028807699	0.016226205	0.018760339	0.011176319	0.005674353	0.003908259	0.001752308	0	0.000412461	0.000528338	0	0.000296585	0	0	0
0	0	0	0	0.00067435	0.010393891	0.039943665	0.070261858	0.123028357	0.165731278	0.189240667	0.132979236	0.09047469	0.064646036	0.066166959	0.023009592	0.006836618	0.001977943	0.001658841	0.002876272	0.002412339	0.001925922	0.002979139	0.002087581	0.000550014	0.000124214	0	2.05368E-05	0	0	0	0	0
4.81631E-05	0.000337232	0.003372457	0.008479373	0.021632014	0.057399494	0.07646811	0.054791999	0.02347048	0.017940216	0.019441767	0.039846841	0.064947683	0.09861939	0.108669441	0.08260484	0.049915868	0.048031407	0.050074861	0.050891465	0.044293209	0.028647472	0.014721963	0.014214895	0.015507257	0.004881327	0.000665428	8.53472E-05	0	0	0	0	0
0	0	7.49204E-05	0.001049136	0.005692717	0.01480625	0.021711475	0.038237622	0.056119939	0.088421471	0.136176831	0.168938721	0.195262818	0.126365013	0.066405454	0.028875394	0.009281976	0.003611288	0.002010907	0.002629816	0.004203289	0.008034564	0.008370594	0.007407456	0.003960464	0.001759864	0.000398555	0.000166721	2.67442E-05	0	0	0	0
0	0	0	0.000127346	0.000817434	0.003137037	0.013961803	0.03808939	0.077201126	0.123612536	0.171242315	0.172132898	0.146793753	0.082092393	0.043704482	0.030543266	0.023478241	0.017674491	0.012214218	0.006129356	0.004220003	0.002897028	0.005030044	0.0093307	0.0110809	0.003533335	0.000802057	0.000123659	3.01894E-05	0	0	0	0
0	0	2.05329E-06	1.02381E-05	0.000137896	0.000735885	0.006382535	0.023710217	0.071017662	0.127344196	0.158942407	0.147385423	0.145743101	0.093851903	0.058582181	0.036547011	0.023751835	0.020898426	0.021871756	0.020595232	0.018690798	0.009687895	0.005294432	0.003297529	0.003109773	0.001788926	0.000496571	9.06988E-05	3.0856E-05	2.56307E-06	0	0	0
#Op_proyeccion: (1: CTP inicial; 2: CTP con reclas)
1
#Fin de archivo



