#Datos simulados para el estimador de sardina-INPESCA
#Inicial yr
1991
#Final yr
2018
#numages
4
#Captura anual
 498300 516900 250200 359100 120626 360525 551345 236345 693834 584435 407724 283223 286924 371823 266345 380143 500234 800234 752234 693431
 0
 0
#Nobs_cpue
22
#yrs con datos de cpue
 1991 1992 1993 1994 1995 1996 1997 1998 1999 2000 2001 2002 2003 2004 2005 2006 2007 2008 2009 2010
 2017
 2018
#CPUE
 3.7 3.4 2.8 2.9 3 4 3.9 2.9 3.5 3.7 3.3 3 2 1.9 2.1 2.6 2.9 3.6 3.3 3.9
 4.89694
 5.41592
#Nobs_survey
13
#yrs con datos de cpue
 2000 2001 2002 2003 2004 2005 2006 2007 2008 2009 2010
 2017
 2018
#Biomasa acustica reclas
 264231 567819 844713 478235 360214 399954 386214 250300 4.2957e+06 1.55562e+06 2.62356e+06
 1.43551e+06
 1.44277e+06
#Nobs_survey_pelaces
8
#yrs con datos de cpue
 2005 2006 2007 2008 2009 2010
 2017
 2018
#Biomasa acustica pelaces
 275854 201452 575125 253125 1.05268e+06 2.32512e+06
 2.55636e+06
 2.03261e+06
#Num tallas
33
#Nobs comp tallas
22
#yrs con lenfreq
 1991 1992 1993 1994 1995 1996 1997 1998 1999 2000 2001 2002 2003 2004 2005 2006 2007 2008 2009 2010
 2017
 2018
#Obs prop talla en la captura:
 9.15052e-05 9.15052e-05 0.00123392 0.00484129 0.00904936 0.0230306 0.0498622 0.0734573 0.0765098 0.0653279 0.0553639 0.0511175 0.0664576 0.0747003 0.0897803 0.0815575 0.0764054 0.0410202 0.0146475 0.00968112 0.0078311 0.0120535 0.0224628 0.0299141 0.0271763 0.0186182 0.0105877 0.00428078 0.00202048 0.000682647 0.000145891 0 0
 0 0.000304095 0.00158133 0.00434462 0.0120248 0.020307 0.03539 0.0608532 0.0775506 0.0945929 0.100111 0.11561 0.103641 0.0863574 0.0600989 0.0436115 0.0353451 0.0238147 0.023923 0.0207476 0.0208072 0.0176176 0.0119876 0.00683296 0.00461047 0.00554908 0.00667127 0.00367492 0.00159004 0.000412658 3.08414e-05 0 6.16394e-06
 0.000300725 0.00223056 0.00493239 0.0296277 0.0525863 0.0751282 0.0892059 0.117712 0.110563 0.104669 0.0922723 0.076934 0.0599319 0.0481771 0.0339325 0.0214195 0.0164707 0.0113844 0.00823518 0.00446285 0.00358104 0.00695804 0.00807871 0.0107067 0.00587334 0.00387551 0.000492758 0.000222529 2.41173e-05 1.11121e-05 0 0 0
 0.000113945 0.00170937 0.0124494 0.0334514 0.0489458 0.0703476 0.0848997 0.0757832 0.0495118 0.0366476 0.0470974 0.0663778 0.109442 0.103538 0.0794961 0.054414 0.04318 0.0347553 0.0237589 0.00736873 0.0068334 0.00360596 0.00266704 0.00225533 0.00104031 0.000236533 4.82118e-05 0 2.57558e-05 0 0 0 0
 0 0 0.000661283 0.00120406 0.009131 0.0260547 0.0596533 0.0915532 0.103239 0.0695745 0.0905685 0.0550706 0.0773227 0.0499255 0.0476092 0.0418917 0.0374101 0.0259858 0.0312714 0.0369786 0.0502714 0.0404733 0.0328692 0.0113778 0.00714324 0.00246997 0.00028685 3.54697e-06 0 0 0 0 0
 0 0 0.000308197 0.000723034 0.00261427 0.00756614 0.0273487 0.0620566 0.0985398 0.131575 0.149899 0.133974 0.1071 0.0715499 0.0369565 0.0265963 0.0129893 0.00399937 0.00210253 0.00369615 0.00816126 0.0140186 0.0146693 0.0234156 0.0323892 0.0190644 0.00685691 0.00171465 0.000114857 0 0 0 0
 0 0 0.00500354 0.00788035 0.0176185 0.0338768 0.0727219 0.101648 0.0878414 0.0588646 0.0573122 0.0595896 0.0627401 0.0430495 0.0253881 0.0295617 0.0307967 0.0236206 0.0387999 0.0429063 0.0514824 0.0567245 0.0257985 0.0139413 0.0127952 0.0154951 0.015976 0.00707575 0.0013665 0.000100139 2.52881e-05 0 0
 0 0 1.25243e-05 0.00033015 0.00741579 0.0148952 0.0333138 0.0323704 0.0310474 0.0189146 0.0221607 0.0223559 0.0253305 0.0237711 0.0280979 0.0365512 0.0352126 0.0307827 0.0474679 0.0723715 0.0963119 0.119029 0.097951 0.0832119 0.0477718 0.029361 0.027482 0.013901 0.00220001 0.000335056 4.40286e-05 0 0
 0 0 0.0037318 0.00757269 0.0221425 0.0303392 0.0356867 0.0434152 0.0368952 0.0318359 0.037654 0.0538452 0.0855146 0.0980228 0.129089 0.123397 0.100706 0.0603605 0.0337368 0.0111744 0.00604794 0.00601796 0.00786712 0.0111271 0.0107488 0.00676057 0.00426582 0.00154485 0.000464215 3.63895e-05 0 0 0
 0 0 0.000466093 0.000256868 0.0129195 0.0272025 0.030281 0.0503479 0.0835403 0.0991958 0.147436 0.150801 0.14191 0.0908685 0.0602759 0.0280498 0.0183784 0.00673596 0.00557454 0.00637504 0.00638772 0.00625075 0.00839514 0.00623637 0.00633389 0.00251619 0.00170076 0.00060531 0.000552503 0.00026284 0.000144034 0 0
 0.000378923 0.00136411 0.00207324 0.00698871 0.0202916 0.0382745 0.0702389 0.0984767 0.122037 0.136535 0.156338 0.11943 0.0880694 0.0520826 0.0281636 0.0145433 0.0111815 0.0099791 0.00963619 0.00351502 0.00217617 0.00214606 0.00213301 0.00223394 0.000854589 0.000498599 0.000137629 2.43293e-05 1.98958e-05 0.000176627 2.21673e-06 0 0
 0 0 0 0 9.40534e-05 0.000469631 0.00463549 0.0184721 0.0552704 0.0864251 0.154595 0.1535 0.190639 0.0926941 0.0881997 0.0373518 0.0202134 0.0210239 0.0180528 0.0103176 0.00366824 0.00765959 0.0150201 0.0129569 0.00567373 0.00258603 0.000482034 0 0 0 0 0 0
 0 0 0.000302083 0.00460981 0.0249634 0.0452145 0.0701307 0.0910854 0.140867 0.14383 0.143179 0.0944782 0.0691818 0.0556408 0.029703 0.020233 0.0155723 0.00594357 0.00504378 0.00431088 0.00588961 0.00444693 0.0109238 0.00549661 0.00356996 0.00288887 0.0019921 0.000503064 0 0 0 0 0
 0 0 0 0.000253122 0.00396011 0.0179226 0.0403931 0.0640704 0.116587 0.150555 0.141512 0.100291 0.0725333 0.0624161 0.0465358 0.0295995 0.0357122 0.0233741 0.0177205 0.0138508 0.0213788 0.0199476 0.0119906 0.00618312 0.00204636 0.000384099 0.000782608 0 0 0 0 0 0
 0 0 0 0.00016183 0.009058 0.0309992 0.042172 0.0167483 0.00998973 0.00793798 0.0140422 0.0382691 0.0987826 0.150034 0.214826 0.135249 0.0995727 0.044615 0.0288077 0.0162262 0.0187603 0.0111763 0.00567435 0.00390826 0.00175231 0 0.000412461 0.000528338 0 0.000296585 0 0 0
 0 0 0 0 0.00067435 0.0103939 0.0399437 0.0702619 0.123028 0.165731 0.189241 0.132979 0.0904747 0.064646 0.066167 0.0230096 0.00683662 0.00197794 0.00165884 0.00287627 0.00241234 0.00192592 0.00297914 0.00208758 0.000550014 0.000124214 0 2.05368e-05 0 0 0 0 0
 4.81631e-05 0.000337232 0.00337246 0.00847937 0.021632 0.0573995 0.0764681 0.054792 0.0234705 0.0179402 0.0194418 0.0398468 0.0649477 0.0986194 0.108669 0.0826048 0.0499159 0.0480314 0.0500749 0.0508915 0.0442932 0.0286475 0.014722 0.0142149 0.0155073 0.00488133 0.000665428 8.53472e-05 0 0 0 0 0
 0 0 7.49204e-05 0.00104914 0.00569272 0.0148062 0.0217115 0.0382376 0.0561199 0.0884215 0.136177 0.168939 0.195263 0.126365 0.0664055 0.0288754 0.00928198 0.00361129 0.00201091 0.00262982 0.00420329 0.00803456 0.00837059 0.00740746 0.00396046 0.00175986 0.000398555 0.000166721 2.67442e-05 0 0 0 0
 0 0 0 0.000127346 0.000817434 0.00313704 0.0139618 0.0380894 0.0772011 0.123613 0.171242 0.172133 0.146794 0.0820924 0.0437045 0.0305433 0.0234782 0.0176745 0.0122142 0.00612936 0.00422 0.00289703 0.00503004 0.0093307 0.0110809 0.00353333 0.000802057 0.000123659 3.01894e-05 0 0 0 0
 0 0 2.05329e-06 1.02381e-05 0.000137896 0.000735885 0.00638253 0.0237102 0.0710177 0.127344 0.158942 0.147385 0.145743 0.0938519 0.0585822 0.036547 0.0237518 0.0208984 0.0218718 0.0205952 0.0186908 0.0096879 0.00529443 0.00329753 0.00310977 0.00178893 0.000496571 9.06988e-05 3.0856e-05 2.56307e-06 0 0 0
  nan nan nan nan nan nan nan nan nan nan nan nan nan nan nan nan nan nan nan nan nan nan nan nan nan nan nan nan nan nan nan nan nan
  1 0 0 0 0 0 0 0 0 0 0 0 0 0 0 0 0 0 0 0 0 0 0 0 0 0 0 0 0 0 0 0 0
#Opts_proy
1
